0 134
135 334
335 504
505 545
546 629
630 649
650 693
694 722
723 816
817 1128
1129 1161
1162 1315
1316 1362
1363 1444
1445 1483
1484 1560
1561 1637
1638 1656
1657 1668
1669 1713
1714 1807
1808 1849
1850 1919
1920 1979
1980 2053
2054 2139
2140 2179
2180 2319
2320 2445
2446 2738
2739 2761
2762 2842
2843 3142
3143 3292
3293 3399
3400 3490
3491 3516
3517 3564
3565 3779
3780 3874
3875 4366
4367 4394
4395 4475
4476 4577
4578 4795
4796 4913
4914 4968
4969 5089
5090 5132
5133 5345
5346 5387
5388 5476
5477 5505
5506 5537
5538 5605
5606 5630
5631 5986
5987 6006
6007 6138
6139 6194
6195 6233
6234 6273
6274 6301
6302 6351
6352 6463
6464 6953
6954 6985
6986 7117
7118 7194
7195 7267
7268 7295
7296 7366
7367 7460
7461 7479
7480 7650
7651 7686
7687 7963
7964 7971
7972 7980
7981 7994
7995 8054
8055 8057
8058 8147
